341493526
1603304303
100788394
30948711
697624296
275601561
1232879196
93593939
245121081
35591506
26270234
30805337
387191542
22479047
73021526
249810696
397730640
1823322224
258359333
108412936
265935967
277055530
404503905
1761910
164738759
4433619
651652483
14689684
628306
341251985
245747734
234446924
474513785
470833147
359331933
470485802
632316869
411457
158219754
38727698
300006046
196275256
140073241
478406808
2047354338
18511321
35789399
317812664
282800568
483971354
548389925
27330973
604117897
3461581727861067
295899796
295860979
169441568
345000740
435808915
701050519
107813970
3537109744879892
26540941
473282629
151428883
21145194
224330384
4276559
12865137
1571177634
21723364
506095038
29553074
22209897
3493136005336021
2958225
409878041
12652456
11767696
1741904222
420805
323069617
57812130
1522525147
626097309
624810948
20061000
119796098
516651169
505348850
503128959
3546784546687486
33857504
3461568949914521
161933111
349214432
225541018
19343397
11138051
411308360
383450077
35190095
539302675
297934906
279347009
351655478
395930742
284499985
148284014
3493259426925297
15399531
479272465
26270234
3546385974561404
474089912
446242005
480812022
472106478
87624279
6225567
434567844
6358465
394952169
36762143
51606121
40063475
4255886
37647883
18434693
110070870
673486120
353604267
402800535
14256979
89333946
404657682
16377739
51606121
253777518
479696086
389077933
15541618
11843922
2187348
167862524
1187148819
61505635
388795621
33801610
8151
18512910
13384844
15282442
27931949
504853563
416112273
29957989
1890487296
1833832671
42388160
526506485
2667295
434421382
210863241
333648485
49599699
554641862
384727141
21507095
4958005
296665970
311072512
382285205
49127005
599048446
1774328780
393486889
473059750
238029003
27765580
1542230646
208869536
5401506
110511714
56866329
391265848
15538624
277334912
3461567049894439
85608048
51179306
514750018
101148846
301971745
2879028
18473721
352745944
89345002
227346791
448711292
1774990181
15037056
168013177
14091369
3546700671093366
1830311958
25680098
12399685
33519377
86236357
159508260
235719443
52854304
24150434
360284764
3461581465717083
449982473
689556385
18125960
351927209
600233184
35624058
506039623
30164389
3546557678881662
1984002941
491944166
3546787293956241
3466453
273758939
29167614
15447630
298749671
3493275266714044
2805082
416580582
416237475
1848611337
648212166
2376681
286966512
39377824
339857989
350757491
173886236
432351283
37308601
12024726
34798154
269865194
698926571
38588721
351360404
16813586
398830804
33973978
3050035
33811805
9025218
31499925
389791020
16762126
494387167
384553040
626801441
702346002
489991903
189110927
3546629835590405
341017715
51043223
241254628
319386135
28629747
44639127
190114446
4609218
52440124
438471939
29080508
516869115
3493126425545336
423478913
478014542
123073933
483606906
82336643
416122743
516359649
497581902
398609223
359514434
65278909
1096135437
3461566018095998
2042819460
346152578
16190698
21706681
32880673
493950961
2613375
16298776
1635096290
28136378
1625235996
167577488
14312274
18575266
521341882
485925638
111275686
31009791
1161788170
10083654
497419559
1316094985
12783284
30969594
52624582
291061892
30028566
406264150
434228299
430682984
37369391
183067076
318939754
395658954
1310086
8146046
404379643
578616838
439819786
281354774
3546772798442463
89414762
72600986
487439184
478421048
10796689
172853396
56230185
476967268
596842980
166162963
8594503
46399400
3493109665106768
625630493
470877662
483032849
351899011
280719311
12685947
18776619
3546574841973020
1768226091
67797892
524069176
28269087
59386847
23762372
504119838
586851054
36512768
40275248
4192775
415393094
325547152
376317094
9258607
1891626372
620622806
285475404
311677008
3546784227920726
1538585130
3493091801565840
25450343
471600703
161099538
2114001834
51606121
210863241
1266252613
98990615
3546388717636105
226949553
590833573
490947395
444875076
36456781
400681763
2030073480
44723055
1865910256
701052893
59382652
36219622
375511533
28015517
392049835
4142451
1979151216
629983941
268027453
260091939
92573816
11783888
90301845
28043157
244391773
495316748
85934021
1379165407
19483785
2170934
190963353
24982361
1277891055
345037373
1481939985
496576063
6451398
648832414
130823748
51237703
399953281
698299097
3493259967990703
531484041
100952419
352405638
31338367
453169253
15734020
328950485
404997838
36684682
84089244
410154460
291979822
3546650689669263
36623993
285083994
15311477
3546393247484182
504864418
384127314
385343012
251858410
669638985
173957191
84120363
3546637272091409
346797577
1681347983
516694376
41697395
413279870
515340771
672555845
15458349
1769442638
3546795632233331
66758986
246290
292994667
488840069
50011617
9354905
152178454
3493081573754890
3546692131490310
1930267419
414669479
3537123776924319
391701528
413740093
223382513
262230095
700343068
1066996728
477470464
478164811
3546587496188692
57530052
499149308
2074716951
265977843
272796333
3493110420081587
4173633
301541651
587966314
3546572902107212
296898100
15148682
66432397
3494376638516086
474833789
1683396965
318878750
1338472749
1800598182
2566236
266461098
434087289
37729617
3493263768029958
19213023
388448148
385096650
241864774
1960516833
332769551
399692060
399798042
432177464
415430003
395331004
369654254
488572054
164644191
29918297
1548353457
3546709407828169
178542254
35892059
3546619584711017
532691180
8177029
368779900
176107681
2082961
454279858
38693793
548773571
483449841
109406277
22877006
69587598
295862689
29080508
37586930
3546658883242693
385552332
530870381
388622682
2070488471
367230056
675737279
401516412
396959126
410712451
12393459
107283212
387499986
384359229
1662850816
700022526
3546769669491254
28280289
388159121
233709561
48079618
10470608
23964377
14373793
104260284
3494375678020126
179898619
253193848
3797927
442904716
179953076
3493139585174227
108141957
299649938
17732309
61505635
491732462
43669202
9354905
16887544
342762637
199365844
382864835
11756722
1591577709
356728220
7973856
3493135539767600
384510278
240121366
3546714684262940
401379142
472618961
525964
